833
2960
3245
3530
5174
7264
8084
9874
11263
11754
12795
14177
14256
18007
18093
18557
18918
23814
24851
29033
30321
30485
30490
30543
30616
30689
30696
30714
30729
30735
30740
30748
30762
30777
30788
30789
32516
32723
32767
34703
34717
34724
34821
34827
34846
34862
34886
34888
34915
35056
36741
37755
39161
40847
41210
41964
44992
45013
49518
49593
49747
50064
50360
50672
50814
51230
51299
51537
51966
51967
52187
52381
52867
53157
53172
53372
53477
53654
53707
54225
54460
54715
54746
55223
55671
56083
56084
56166
56335
56399
56414
56505
57000
57060
57289
58802
58933
58994
59362
59611
60019
60147
60207
60457
60628
60928
61993
62660
62691
62788
62821
62854
63081
63344
63571
63580
63689
63795
63949
64013
64412
64435
64460
64480
64536
64538
64661
64670
64814
64833
65170
65785
65893
66093
66108
69349
69372
69426
69457
69482
69499
69500
69537
69543
69558
69559
69640
69684
69686
69769
69944
70080
70160
70221
70222
70223
70225
70272
70346
70357
70551
70600
70656
70677
70759
70808
70910
70935
70979
71005
71131
71132
71136
71137
71273
71282
71333
71334
71481
71491
71532
71549
71558
71622
71687
71799
71834
71904
72181
72430
72519
72557
72561
72589
72647
72746
72752
72760
72781
72855
